{
 "cells": [
  {
   "cell_type": "markdown",
   "metadata": {},
   "source": [
    "# Challenge 2\n",
    "\n",
    "In this challenge we will continue working with the `Pokemon` dataset. We will attempt solving a slightly more complex problem in which we will practice the iterative data analysis process you leaned in [this video](https://www.youtube.com/watch?v=xOomNicqbkk).\n",
    "\n",
    "The problem statement is as follows:\n",
    "\n",
    "**You are at a Pokemon black market planning to buy a Pokemon for battle. All Pokemon are sold at the same price and you can only afford to buy one. You cannot choose which specific Pokemon to buy. However, you can specify the type of the Pokemon - one type that exists in either `Type 1` or `Type 2`. Which type should you choose in order to maximize your chance of receiving a good Pokemon?**\n",
    "\n",
    "To remind you about the 3 steps of iterative data analysis, they are:\n",
    "\n",
    "1. Setting Expectations\n",
    "1. Collecting Information\n",
    "1. Reacting to Data / Revising Expectations\n",
    "\n",
    "Following the iterative process, we'll guide you in completing the challenge."
   ]
  },
  {
   "cell_type": "markdown",
   "metadata": {},
   "source": [
    "\n",
    "## Problem Solving Iteration 1\n",
    "\n",
    "In this iteration we'll analyze the problem and identify the breakthrough. The original question statement is kind of vague because we don't know what a *good pokemon* really means as represented in the data. We'll start by understanding the dataset and see if we can find some insights."
   ]
  },
  {
   "cell_type": "code",
   "execution_count": 1,
   "metadata": {},
   "outputs": [],
   "source": [
    "# Import libraries\n",
    "import numpy as np\n",
    "import pandas as pd"
   ]
  },
  {
   "cell_type": "code",
   "execution_count": 2,
   "metadata": {
    "scrolled": true
   },
   "outputs": [
    {
     "data": {
      "text/html": [
       "<div>\n",
       "<style scoped>\n",
       "    .dataframe tbody tr th:only-of-type {\n",
       "        vertical-align: middle;\n",
       "    }\n",
       "\n",
       "    .dataframe tbody tr th {\n",
       "        vertical-align: top;\n",
       "    }\n",
       "\n",
       "    .dataframe thead th {\n",
       "        text-align: right;\n",
       "    }\n",
       "</style>\n",
       "<table border=\"1\" class=\"dataframe\">\n",
       "  <thead>\n",
       "    <tr style=\"text-align: right;\">\n",
       "      <th></th>\n",
       "      <th>#</th>\n",
       "      <th>Name</th>\n",
       "      <th>Type 1</th>\n",
       "      <th>Type 2</th>\n",
       "      <th>Total</th>\n",
       "      <th>HP</th>\n",
       "      <th>Attack</th>\n",
       "      <th>Defense</th>\n",
       "      <th>Sp. Atk</th>\n",
       "      <th>Sp. Def</th>\n",
       "      <th>Speed</th>\n",
       "      <th>Generation</th>\n",
       "      <th>Legendary</th>\n",
       "    </tr>\n",
       "  </thead>\n",
       "  <tbody>\n",
       "    <tr>\n",
       "      <th>0</th>\n",
       "      <td>1</td>\n",
       "      <td>Bulbasaur</td>\n",
       "      <td>Grass</td>\n",
       "      <td>Poison</td>\n",
       "      <td>318</td>\n",
       "      <td>45</td>\n",
       "      <td>49</td>\n",
       "      <td>49</td>\n",
       "      <td>65</td>\n",
       "      <td>65</td>\n",
       "      <td>45</td>\n",
       "      <td>1</td>\n",
       "      <td>False</td>\n",
       "    </tr>\n",
       "    <tr>\n",
       "      <th>1</th>\n",
       "      <td>2</td>\n",
       "      <td>Ivysaur</td>\n",
       "      <td>Grass</td>\n",
       "      <td>Poison</td>\n",
       "      <td>405</td>\n",
       "      <td>60</td>\n",
       "      <td>62</td>\n",
       "      <td>63</td>\n",
       "      <td>80</td>\n",
       "      <td>80</td>\n",
       "      <td>60</td>\n",
       "      <td>1</td>\n",
       "      <td>False</td>\n",
       "    </tr>\n",
       "    <tr>\n",
       "      <th>2</th>\n",
       "      <td>3</td>\n",
       "      <td>Venusaur</td>\n",
       "      <td>Grass</td>\n",
       "      <td>Poison</td>\n",
       "      <td>525</td>\n",
       "      <td>80</td>\n",
       "      <td>82</td>\n",
       "      <td>83</td>\n",
       "      <td>100</td>\n",
       "      <td>100</td>\n",
       "      <td>80</td>\n",
       "      <td>1</td>\n",
       "      <td>False</td>\n",
       "    </tr>\n",
       "    <tr>\n",
       "      <th>3</th>\n",
       "      <td>3</td>\n",
       "      <td>VenusaurMega Venusaur</td>\n",
       "      <td>Grass</td>\n",
       "      <td>Poison</td>\n",
       "      <td>625</td>\n",
       "      <td>80</td>\n",
       "      <td>100</td>\n",
       "      <td>123</td>\n",
       "      <td>122</td>\n",
       "      <td>120</td>\n",
       "      <td>80</td>\n",
       "      <td>1</td>\n",
       "      <td>False</td>\n",
       "    </tr>\n",
       "    <tr>\n",
       "      <th>4</th>\n",
       "      <td>4</td>\n",
       "      <td>Charmander</td>\n",
       "      <td>Fire</td>\n",
       "      <td>NaN</td>\n",
       "      <td>309</td>\n",
       "      <td>39</td>\n",
       "      <td>52</td>\n",
       "      <td>43</td>\n",
       "      <td>60</td>\n",
       "      <td>50</td>\n",
       "      <td>65</td>\n",
       "      <td>1</td>\n",
       "      <td>False</td>\n",
       "    </tr>\n",
       "  </tbody>\n",
       "</table>\n",
       "</div>"
      ],
      "text/plain": [
       "   #                   Name Type 1  Type 2  Total  HP  Attack  Defense  \\\n",
       "0  1              Bulbasaur  Grass  Poison    318  45      49       49   \n",
       "1  2                Ivysaur  Grass  Poison    405  60      62       63   \n",
       "2  3               Venusaur  Grass  Poison    525  80      82       83   \n",
       "3  3  VenusaurMega Venusaur  Grass  Poison    625  80     100      123   \n",
       "4  4             Charmander   Fire     NaN    309  39      52       43   \n",
       "\n",
       "   Sp. Atk  Sp. Def  Speed  Generation  Legendary  \n",
       "0       65       65     45           1      False  \n",
       "1       80       80     60           1      False  \n",
       "2      100      100     80           1      False  \n",
       "3      122      120     80           1      False  \n",
       "4       60       50     65           1      False  "
      ]
     },
     "execution_count": 2,
     "metadata": {},
     "output_type": "execute_result"
    }
   ],
   "source": [
    "# Importing the dataset\n",
    "pokemon = pd.read_csv('Pokemon.csv')\n",
    "pokemon.head()"
   ]
  },
  {
   "cell_type": "markdown",
   "metadata": {},
   "source": [
    "From the data it seems whether a pokemon is good depends on its abilities as represented in the fields of `HP`, `Attack`, `Defense`, `Sp. Atk`, `Sp. Def`, `Speed`, and `Total`. We are not sure about `Generation` and `Legendary` because they are not necessarily the decisive factors of the pokemon abilities.\n",
    "\n",
    "But `HP`, `Attack`, `Defense`, `Sp. Atk`, `Sp. Def`, `Speed`, and `Total` are a lot of fields! If we look at them all at once it's very complicated. This isn't Mission Impossible but it's ideal that we tackle this kind of problem after we learn Machine Learning (which you will do in Module 3). For now, is there a way to consolidate the fields we need to look into?\n",
    "\n",
    "Fortunately there seems to be a way. It appears the `Total` field is computed based on the other 6 fields. But we need to prove our theory. If we can approve there is a formula to compute `Total` based on the other 6 abilities, we only need to look into `Total`.\n",
    "\n",
    "We have the following expectation now:\n",
    "\n",
    "#### The `Total` field is computed based on `HP`, `Attack`, `Defense`, `Sp. Atk`, `Sp. Def`, and `Speed`.\n",
    "\n",
    "We need to collect the following information:\n",
    "\n",
    "* **What is the formula to compute `Total`?**\n",
    "* **Does the formula work for all pokemon?**\n",
    "\n",
    "In the cell below, make a hypothesis on how `Total` is computed and test your hypothesis."
   ]
  },
  {
   "cell_type": "code",
   "execution_count": 3,
   "metadata": {},
   "outputs": [
    {
     "data": {
      "text/plain": [
       "True"
      ]
     },
     "execution_count": 3,
     "metadata": {},
     "output_type": "execute_result"
    }
   ],
   "source": [
    "# your code here\n",
    "# Let's define the hypothesis for the computation of Total\n",
    "hypothesis = (pokemon['Total'] == pokemon['HP'] + pokemon['Attack'] + pokemon['Defense'] + pokemon['Sp. Atk'] + pokemon['Sp. Def'] \\\n",
    "+ pokemon['Speed'])\n",
    "\n",
    "# Let's check if the the sum of booleans 'True' is equal to the length of DataFrame\n",
    "len(pokemon) == sum(hypothesis)\n",
    "\n",
    "# The hypothesis is confirmed!"
   ]
  },
  {
   "cell_type": "markdown",
   "metadata": {},
   "source": [
    "## Problem Solving Iteration 2\n",
    "\n",
    "Now that we have consolidated the abilities fields, we can update the problem statement. The new problem statement is:\n",
    "\n",
    "### Which pokemon type is most likely to have the highest `Total` value?\n",
    "\n",
    "In the updated problem statement, we assume there is a certain relationship between the `Total` and the pokemon type. But we have two *type* fields (`Type 1` and `Type 2`) that have string values. In data analysis, string fields have to be transformed to numerical format in order to be analyzed. \n",
    "\n",
    "In addition, keep in mind that `Type 1` always has a value but `Type 2` is sometimes empty (having the `NaN` value). Also, the pokemon type we choose may be either in `Type 1` or `Type 2`.\n",
    "\n",
    "Now our expectation is:\n",
    "\n",
    "#### `Type 1` and `Type 2` string variables need to be converted to numerical variables in order to identify the relationship between `Total` and the pokemon type.\n",
    "\n",
    "The information we need to collect is:\n",
    "\n",
    "#### How to convert two string variables to numerical?\n",
    "\n",
    "Let's address the first question first. You can use a method called **One Hot Encoding** which is frequently used in machine learning to encode categorical string variables to numerical. The idea is to gather all the possible string values in a categorical field and create a numerical field for each unique string value. Each of those numerical fields uses `1` and `0` to indicate whether the data record has the corresponding categorical value. A detailed explanation of One Hot Encoding can be found in [this article](https://hackernoon.com/what-is-one-hot-encoding-why-and-when-do-you-have-to-use-it-e3c6186d008f). You will formally learn it in Module 3.\n",
    "\n",
    "For instance, if a pokemon has `Type 1` as `Poison` and `Type 2` as `Fire`, then its `Poison` and `Fire` fields are `1` whereas all other fields are `0`. If a pokemon has `Type 1` as `Water` and `Type 2` as `NaN`, then its `Water` field is `1` whereas all other fields are `0`.\n",
    "\n",
    "#### In the next cell, use One Hot Encoding to encode `Type 1` and `Type 2`. Use the pokemon type values as the names of the numerical fields you create.\n",
    "\n",
    "The new numerical variables you create should look like below:\n",
    "\n",
    "![One Hot Encoding](../images/one-hot-encoding.png)"
   ]
  },
  {
   "cell_type": "code",
   "execution_count": 4,
   "metadata": {},
   "outputs": [
    {
     "data": {
      "text/html": [
       "<div>\n",
       "<style scoped>\n",
       "    .dataframe tbody tr th:only-of-type {\n",
       "        vertical-align: middle;\n",
       "    }\n",
       "\n",
       "    .dataframe tbody tr th {\n",
       "        vertical-align: top;\n",
       "    }\n",
       "\n",
       "    .dataframe thead th {\n",
       "        text-align: right;\n",
       "    }\n",
       "</style>\n",
       "<table border=\"1\" class=\"dataframe\">\n",
       "  <thead>\n",
       "    <tr style=\"text-align: right;\">\n",
       "      <th></th>\n",
       "      <th>Psychic</th>\n",
       "      <th>Ground</th>\n",
       "      <th>Dark</th>\n",
       "      <th>Grass</th>\n",
       "      <th>Rock</th>\n",
       "      <th>Fighting</th>\n",
       "      <th>Ghost</th>\n",
       "      <th>Fairy</th>\n",
       "      <th>Electric</th>\n",
       "      <th>Water</th>\n",
       "      <th>Poison</th>\n",
       "      <th>Normal</th>\n",
       "      <th>Dragon</th>\n",
       "      <th>Bug</th>\n",
       "      <th>Fire</th>\n",
       "      <th>Flying</th>\n",
       "      <th>Steel</th>\n",
       "      <th>Ice</th>\n",
       "    </tr>\n",
       "  </thead>\n",
       "  <tbody>\n",
       "    <tr>\n",
       "      <th>0</th>\n",
       "      <td>0</td>\n",
       "      <td>0</td>\n",
       "      <td>0</td>\n",
       "      <td>1</td>\n",
       "      <td>0</td>\n",
       "      <td>0</td>\n",
       "      <td>0</td>\n",
       "      <td>0</td>\n",
       "      <td>0</td>\n",
       "      <td>0</td>\n",
       "      <td>1</td>\n",
       "      <td>0</td>\n",
       "      <td>0</td>\n",
       "      <td>0</td>\n",
       "      <td>0</td>\n",
       "      <td>0</td>\n",
       "      <td>0</td>\n",
       "      <td>0</td>\n",
       "    </tr>\n",
       "    <tr>\n",
       "      <th>1</th>\n",
       "      <td>0</td>\n",
       "      <td>0</td>\n",
       "      <td>0</td>\n",
       "      <td>1</td>\n",
       "      <td>0</td>\n",
       "      <td>0</td>\n",
       "      <td>0</td>\n",
       "      <td>0</td>\n",
       "      <td>0</td>\n",
       "      <td>0</td>\n",
       "      <td>1</td>\n",
       "      <td>0</td>\n",
       "      <td>0</td>\n",
       "      <td>0</td>\n",
       "      <td>0</td>\n",
       "      <td>0</td>\n",
       "      <td>0</td>\n",
       "      <td>0</td>\n",
       "    </tr>\n",
       "    <tr>\n",
       "      <th>2</th>\n",
       "      <td>0</td>\n",
       "      <td>0</td>\n",
       "      <td>0</td>\n",
       "      <td>1</td>\n",
       "      <td>0</td>\n",
       "      <td>0</td>\n",
       "      <td>0</td>\n",
       "      <td>0</td>\n",
       "      <td>0</td>\n",
       "      <td>0</td>\n",
       "      <td>1</td>\n",
       "      <td>0</td>\n",
       "      <td>0</td>\n",
       "      <td>0</td>\n",
       "      <td>0</td>\n",
       "      <td>0</td>\n",
       "      <td>0</td>\n",
       "      <td>0</td>\n",
       "    </tr>\n",
       "    <tr>\n",
       "      <th>3</th>\n",
       "      <td>0</td>\n",
       "      <td>0</td>\n",
       "      <td>0</td>\n",
       "      <td>1</td>\n",
       "      <td>0</td>\n",
       "      <td>0</td>\n",
       "      <td>0</td>\n",
       "      <td>0</td>\n",
       "      <td>0</td>\n",
       "      <td>0</td>\n",
       "      <td>1</td>\n",
       "      <td>0</td>\n",
       "      <td>0</td>\n",
       "      <td>0</td>\n",
       "      <td>0</td>\n",
       "      <td>0</td>\n",
       "      <td>0</td>\n",
       "      <td>0</td>\n",
       "    </tr>\n",
       "    <tr>\n",
       "      <th>4</th>\n",
       "      <td>0</td>\n",
       "      <td>0</td>\n",
       "      <td>0</td>\n",
       "      <td>0</td>\n",
       "      <td>0</td>\n",
       "      <td>0</td>\n",
       "      <td>0</td>\n",
       "      <td>0</td>\n",
       "      <td>0</td>\n",
       "      <td>0</td>\n",
       "      <td>0</td>\n",
       "      <td>0</td>\n",
       "      <td>0</td>\n",
       "      <td>0</td>\n",
       "      <td>1</td>\n",
       "      <td>0</td>\n",
       "      <td>0</td>\n",
       "      <td>0</td>\n",
       "    </tr>\n",
       "  </tbody>\n",
       "</table>\n",
       "</div>"
      ],
      "text/plain": [
       "   Psychic  Ground  Dark  Grass  Rock  Fighting  Ghost  Fairy  Electric  \\\n",
       "0        0       0     0      1     0         0      0      0         0   \n",
       "1        0       0     0      1     0         0      0      0         0   \n",
       "2        0       0     0      1     0         0      0      0         0   \n",
       "3        0       0     0      1     0         0      0      0         0   \n",
       "4        0       0     0      0     0         0      0      0         0   \n",
       "\n",
       "   Water  Poison  Normal  Dragon  Bug  Fire  Flying  Steel  Ice  \n",
       "0      0       1       0       0    0     0       0      0    0  \n",
       "1      0       1       0       0    0     0       0      0    0  \n",
       "2      0       1       0       0    0     0       0      0    0  \n",
       "3      0       1       0       0    0     0       0      0    0  \n",
       "4      0       0       0       0    0     1       0      0    0  "
      ]
     },
     "execution_count": 4,
     "metadata": {},
     "output_type": "execute_result"
    }
   ],
   "source": [
    "# your code here\n",
    "# Let's get all the distinct values for Type 1 and Type 2\n",
    "set1 = set(pokemon['Type 1'].unique())\n",
    "set2 = set(pokemon['Type 2'].unique())\n",
    "sets = set1.union(set2)\n",
    "sets.discard(np.nan)\n",
    "\n",
    "# Let's define a new DataFrame OHE, filled in with zeros, where the columns will be the distinct Types and the rows will be\n",
    "# the same as pokemon DataFrame\n",
    "OHE = pd.DataFrame(data= np.zeros((len(pokemon), len(sets)), dtype= int), index= range(len(pokemon)), columns=list(sets))\n",
    "\n",
    "# Let's check the types of DataFrame pokemon and insert 1's in each columns\n",
    "for i in range(len(pokemon)):\n",
    "    if pokemon['Type 1'][i] in OHE.columns:\n",
    "        OHE[pokemon['Type 1'][i]][i] = 1\n",
    "    if pokemon['Type 2'][i] in OHE.columns:\n",
    "        OHE[pokemon['Type 2'][i]][i] = 1\n",
    "        \n",
    "# Let's check the content of first five rows\n",
    "OHE.head()"
   ]
  },
  {
   "cell_type": "markdown",
   "metadata": {},
   "source": [
    "## Problem Solving Iteration 3\n",
    "\n",
    "Now we have encoded the pokemon types, we will identify the relationship between `Total` and the encoded fields. Our expectation is:\n",
    "\n",
    "#### There are relationships between `Total` and the encoded pokemon type variables and we need to identify the correlations.\n",
    "\n",
    "The information we need to collect is:\n",
    "\n",
    "#### How to identify the relationship between `Total` and the encoded pokemon type fields?\n",
    "\n",
    "There are multiple ways to answer this question. The easiest way is to use correlation. In the cell below, calculate the correlation of `Total` to each of the encoded fields. Rank the correlations and identify the #1 pokemon type that is most likely to have the highest `Total`."
   ]
  },
  {
   "cell_type": "code",
   "execution_count": 5,
   "metadata": {},
   "outputs": [
    {
     "data": {
      "text/plain": [
       "array([[ 1.00000000e+00,  1.24688025e-01,  1.50604719e-02,\n",
       "         5.61537741e-02, -5.25918049e-02,  3.27312010e-02,\n",
       "         7.77862193e-02,  3.64057484e-03, -3.66977411e-02,\n",
       "         2.09713304e-02, -2.16648673e-02, -9.04414139e-02,\n",
       "        -1.05330951e-01,  2.29704716e-01, -1.45781361e-01,\n",
       "         7.87260561e-02,  5.93834025e-02,  1.09703254e-01,\n",
       "         6.02481677e-02],\n",
       "       [ 1.24688025e-01,  1.00000000e+00, -7.90794989e-02,\n",
       "        -4.43269336e-02, -9.40087603e-02, -6.90306864e-02,\n",
       "         5.96448005e-04, -7.09465774e-02,  2.72266385e-02,\n",
       "        -9.19277120e-02, -9.96392409e-02, -1.03195259e-01,\n",
       "        -1.12380505e-01, -2.65568946e-02, -1.11967670e-01,\n",
       "        -6.12434932e-02, -6.38715695e-02,  2.45402241e-02,\n",
       "        -4.23108427e-02],\n",
       "       [ 1.50604719e-02, -7.90794989e-02,  1.00000000e+00,\n",
       "        -2.34804041e-02, -9.70329911e-02,  7.20853757e-02,\n",
       "        -8.05309918e-02, -3.59082488e-02, -6.93599248e-02,\n",
       "        -5.94203435e-02, -6.84412070e-03, -5.38775053e-02,\n",
       "        -1.02044152e-01,  5.24297148e-02, -6.35438767e-02,\n",
       "        -2.26209382e-02, -6.05779324e-02, -2.07708039e-02,\n",
       "        -3.87163300e-03],\n",
       "       [ 5.61537741e-02, -4.43269336e-02, -2.34804041e-02,\n",
       "         1.00000000e+00, -4.83388713e-02, -3.34932911e-02,\n",
       "        -7.79145194e-03,  1.48355337e-03, -5.98642270e-02,\n",
       "        -6.73749645e-02, -2.85482390e-02, -1.82265700e-02,\n",
       "        -9.97508382e-02, -3.96323321e-03, -8.20624989e-02,\n",
       "        -2.03684908e-02, -2.21640975e-02, -2.39781508e-02,\n",
       "        -1.01629882e-02],\n",
       "       [-5.25918049e-02, -9.40087603e-02, -9.70329911e-02,\n",
       "        -4.83388713e-02,  1.00000000e+00, -7.28290168e-02,\n",
       "        -5.11712496e-02,  7.53157274e-02, -4.87561639e-02,\n",
       "        -7.88179438e-02, -1.26893786e-01,  1.10372486e-01,\n",
       "        -1.17155954e-01, -7.88179438e-02, -3.44303842e-02,\n",
       "        -1.08247612e-01, -8.13662789e-02, -6.15370744e-02,\n",
       "        -2.74763934e-02],\n",
       "       [ 3.27312010e-02, -6.90306864e-02,  7.20853757e-02,\n",
       "        -3.34932911e-02, -7.28290168e-02,  1.00000000e+00,\n",
       "        -5.50904443e-02, -6.90566151e-02,  2.21175616e-03,\n",
       "        -7.21882335e-02,  1.14465583e-02, -8.10363195e-02,\n",
       "        -1.06877040e-01, -3.23602426e-02, -3.70565327e-03,\n",
       "        -6.46765026e-02, -4.82213931e-02,  4.92015438e-02,\n",
       "        -1.71100668e-02],\n",
       "       [ 7.77862193e-02,  5.96448005e-04, -8.05309918e-02,\n",
       "        -7.79145194e-03, -5.11712496e-02, -5.50904443e-02,\n",
       "         1.00000000e+00, -6.57916649e-02, -6.11083888e-02,\n",
       "        -6.87752225e-02, -7.37780757e-02, -3.96127788e-02,\n",
       "        -7.16873871e-02, -6.87752225e-02, -4.86451540e-02,\n",
       "         5.11295463e-02, -8.61192303e-02, -5.16119160e-03,\n",
       "        -5.94828744e-02],\n",
       "       [ 3.64057484e-03, -7.09465774e-02, -3.59082488e-02,\n",
       "         1.48355337e-03,  7.53157274e-02, -6.90566151e-02,\n",
       "        -6.57916649e-02,  1.00000000e+00, -5.66652022e-02,\n",
       "        -4.15921180e-02, -7.73135597e-02,  8.73555756e-03,\n",
       "        -9.44203525e-02, -1.94096551e-02, -5.89146237e-02,\n",
       "        -1.34587714e-02, -6.15553827e-02,  2.64794243e-02,\n",
       "        -2.99139983e-02],\n",
       "       [-3.66977411e-02,  2.72266385e-02, -6.93599248e-02,\n",
       "        -5.98642270e-02, -4.87561639e-02,  2.21175616e-03,\n",
       "        -6.11083888e-02, -5.66652022e-02,  1.00000000e+00,\n",
       "        -3.55409327e-02, -6.77027688e-02, -6.64952868e-02,\n",
       "        -1.71959193e-03, -3.55409327e-02, -7.21479105e-02,\n",
       "        -6.76510091e-02, -5.26688408e-02,  1.31552128e-02,\n",
       "        -5.12315520e-02],\n",
       "       [ 2.09713304e-02, -9.19277120e-02, -5.94203435e-02,\n",
       "        -6.73749645e-02, -7.88179438e-02, -7.21882335e-02,\n",
       "        -6.87752225e-02, -4.15921180e-02, -3.55409327e-02,\n",
       "         1.00000000e+00, -6.91088637e-02, -7.48379761e-02,\n",
       "        -6.77367902e-02, -2.40000000e-02, -4.51109968e-02,\n",
       "        -5.71040241e-02, -2.04067757e-02, -1.34597304e-03,\n",
       "        -3.33816475e-02],\n",
       "       [-2.16648673e-02, -9.96392409e-02, -6.84412070e-03,\n",
       "        -2.85482390e-02, -1.26893786e-01,  1.14465583e-02,\n",
       "        -7.37780757e-02, -7.73135597e-02, -6.77027688e-02,\n",
       "        -6.91088637e-02,  1.00000000e+00, -7.39860859e-02,\n",
       "        -1.54994435e-01, -8.32850409e-02, -1.23983350e-01,\n",
       "        -1.14850191e-01, -9.20304027e-02, -9.61312153e-02,\n",
       "         2.41989622e-04],\n",
       "       [-9.04414139e-02, -1.03195259e-01, -5.38775053e-02,\n",
       "        -1.82265700e-02,  1.10372486e-01, -8.10363195e-02,\n",
       "        -3.96127788e-02,  8.73555756e-03, -6.64952868e-02,\n",
       "        -7.48379761e-02, -7.39860859e-02,  1.00000000e+00,\n",
       "        -1.10800071e-01, -5.55249500e-02,  1.21209854e-01,\n",
       "        -8.54709918e-02, -6.79499230e-02, -7.40364754e-02,\n",
       "        -6.47264781e-02],\n",
       "       [-1.05330951e-01, -1.12380505e-01, -1.02044152e-01,\n",
       "        -9.97508382e-02, -1.17155954e-01, -1.06877040e-01,\n",
       "        -7.16873871e-02, -9.44203525e-02, -1.71959193e-03,\n",
       "        -6.77367902e-02, -1.54994435e-01, -1.10800071e-01,\n",
       "         1.00000000e+00, -9.87021800e-02, -1.20218951e-01,\n",
       "        -8.50969526e-02,  1.25506243e-01, -9.76450981e-02,\n",
       "        -8.53663450e-02],\n",
       "       [ 2.29704716e-01, -2.65568946e-02,  5.24297148e-02,\n",
       "        -3.96323321e-03, -7.88179438e-02, -3.23602426e-02,\n",
       "        -6.87752225e-02, -1.94096551e-02, -3.55409327e-02,\n",
       "        -2.40000000e-02, -8.32850409e-02, -5.55249500e-02,\n",
       "        -9.87021800e-02,  1.00000000e+00, -8.11997943e-02,\n",
       "        -3.80693494e-02,  2.62372830e-02, -4.44171104e-02,\n",
       "         1.51734762e-02],\n",
       "       [-1.45781361e-01, -1.11967670e-01, -6.35438767e-02,\n",
       "        -8.20624989e-02, -3.44303842e-02, -3.70565327e-03,\n",
       "        -4.86451540e-02, -5.89146237e-02, -7.21479105e-02,\n",
       "        -4.51109968e-02, -1.23983350e-01,  1.21209854e-01,\n",
       "        -1.20218951e-01, -8.11997943e-02,  1.00000000e+00,\n",
       "        -6.05364570e-02,  6.45714095e-02,  4.71780303e-02,\n",
       "        -7.02287391e-02],\n",
       "       [ 7.87260561e-02, -6.12434932e-02, -2.26209382e-02,\n",
       "        -2.03684908e-02, -1.08247612e-01, -6.46765026e-02,\n",
       "         5.11295463e-02, -1.34587714e-02, -6.76510091e-02,\n",
       "        -5.71040241e-02, -1.14850191e-01, -8.54709918e-02,\n",
       "        -8.50969526e-02, -3.80693494e-02, -6.05364570e-02,\n",
       "         1.00000000e+00, -2.88552707e-02, -5.61081482e-02,\n",
       "        -6.58514576e-02],\n",
       "       [ 5.93834025e-02, -6.38715695e-02, -6.05779324e-02,\n",
       "        -2.21640975e-02, -8.13662789e-02, -4.82213931e-02,\n",
       "        -8.61192303e-02, -6.15553827e-02, -5.26688408e-02,\n",
       "        -2.04067757e-02, -9.20304027e-02, -6.79499230e-02,\n",
       "         1.25506243e-01,  2.62372830e-02,  6.45714095e-02,\n",
       "        -2.88552707e-02,  1.00000000e+00, -8.14003274e-02,\n",
       "        -4.94984413e-02],\n",
       "       [ 1.09703254e-01,  2.45402241e-02, -2.07708039e-02,\n",
       "        -2.39781508e-02, -6.15370744e-02,  4.92015438e-02,\n",
       "        -5.16119160e-03,  2.64794243e-02,  1.31552128e-02,\n",
       "        -1.34597304e-03, -9.61312153e-02, -7.40364754e-02,\n",
       "        -9.76450981e-02, -4.44171104e-02,  4.71780303e-02,\n",
       "        -5.61081482e-02, -8.14003274e-02,  1.00000000e+00,\n",
       "        -5.70416900e-02],\n",
       "       [ 6.02481677e-02, -4.23108427e-02, -3.87163300e-03,\n",
       "        -1.01629882e-02, -2.74763934e-02, -1.71100668e-02,\n",
       "        -5.94828744e-02, -2.99139983e-02, -5.12315520e-02,\n",
       "        -3.33816475e-02,  2.41989622e-04, -6.47264781e-02,\n",
       "        -8.53663450e-02,  1.51734762e-02, -7.02287391e-02,\n",
       "        -6.58514576e-02, -4.94984413e-02, -5.70416900e-02,\n",
       "         1.00000000e+00]])"
      ]
     },
     "execution_count": 5,
     "metadata": {},
     "output_type": "execute_result"
    }
   ],
   "source": [
    "# your code here\n",
    "\n",
    "# Let's use the Pearson product-moment correlation\n",
    "# The first array passed to method corrcoef was the Total values and the second were the Types\n",
    "np.corrcoef(pokemon['Total'], OHE.T)"
   ]
  },
  {
   "cell_type": "code",
   "execution_count": 6,
   "metadata": {},
   "outputs": [
    {
     "data": {
      "text/plain": [
       "[1.0,\n",
       " 0.22970471632170136,\n",
       " 0.12468802510752985,\n",
       " 0.10970325430519129,\n",
       " 0.07872605613705128,\n",
       " 0.07778621928342086,\n",
       " 0.06024816769180368,\n",
       " 0.05938340252570134,\n",
       " 0.056153774076480374,\n",
       " 0.03273120096913447,\n",
       " 0.02097133042854515,\n",
       " 0.015060471925699958,\n",
       " 0.003640574839312847,\n",
       " -0.021664867287180676,\n",
       " -0.036697741141880166,\n",
       " -0.052591804857806075,\n",
       " -0.09044141387432209,\n",
       " -0.10533095102451878,\n",
       " -0.14578136125238408]"
      ]
     },
     "execution_count": 6,
     "metadata": {},
     "output_type": "execute_result"
    }
   ],
   "source": [
    "# Let's access just the first row of resulting matrix, because it represents the correlation of first array passed to the\n",
    "# method (Total) with every single Type. The highest value besides 1 is in the 4th position (3th position of OHE DataFrame).\n",
    "sorted(np.corrcoef(pokemon['Total'], OHE.T)[0], reverse= True)"
   ]
  },
  {
   "cell_type": "code",
   "execution_count": 7,
   "metadata": {},
   "outputs": [
    {
     "data": {
      "text/plain": [
       "(array([13], dtype=int64),)"
      ]
     },
     "execution_count": 7,
     "metadata": {},
     "output_type": "execute_result"
    }
   ],
   "source": [
    "# Let's check what is the index of highest correlation value after the unity\n",
    "np.where(np.corrcoef(pokemon['Total'], OHE.T)[0] == sorted(np.corrcoef(pokemon['Total'], OHE.T)[0], reverse= True)[1])"
   ]
  },
  {
   "cell_type": "code",
   "execution_count": 8,
   "metadata": {},
   "outputs": [
    {
     "data": {
      "text/plain": [
       "'Dragon'"
      ]
     },
     "execution_count": 8,
     "metadata": {},
     "output_type": "execute_result"
    }
   ],
   "source": [
    "# Let's check what is the name of column of OHE where the correlation is higher. The index is one unit below to the\n",
    "# number obtained above, because the correlation of Total series with itself was excluded\n",
    "OHE.columns[np.where(np.corrcoef(pokemon['Total'], OHE.T)[0] == sorted(np.corrcoef(pokemon['Total'], OHE.T)[0], reverse= True)[1])[0][0]-1]\n",
    "\n",
    "# From this analysis, it seems that Dragon type has the highest correlation with Total series. However, the value is not\n",
    "# that high. In other words, the value is nearer to 0 than to 1, which means that the correlation is not strong."
   ]
  },
  {
   "cell_type": "code",
   "execution_count": 9,
   "metadata": {},
   "outputs": [
    {
     "data": {
      "text/plain": [
       "50"
      ]
     },
     "execution_count": 9,
     "metadata": {},
     "output_type": "execute_result"
    }
   ],
   "source": [
    "# Let's check the number of occurrences of typoes 'Dragon' in our dataset\n",
    "OHE[OHE.columns[np.where(np.corrcoef(pokemon['Total'], OHE.T)[0] == sorted(np.corrcoef(pokemon['Total'], OHE.T)[0], reverse= True)[1])[0][0]-1]\n",
    "].sum()"
   ]
  },
  {
   "cell_type": "code",
   "execution_count": 10,
   "metadata": {},
   "outputs": [
    {
     "data": {
      "text/html": [
       "<div>\n",
       "<style scoped>\n",
       "    .dataframe tbody tr th:only-of-type {\n",
       "        vertical-align: middle;\n",
       "    }\n",
       "\n",
       "    .dataframe tbody tr th {\n",
       "        vertical-align: top;\n",
       "    }\n",
       "\n",
       "    .dataframe thead th {\n",
       "        text-align: right;\n",
       "    }\n",
       "</style>\n",
       "<table border=\"1\" class=\"dataframe\">\n",
       "  <thead>\n",
       "    <tr style=\"text-align: right;\">\n",
       "      <th></th>\n",
       "      <th>#</th>\n",
       "      <th>Name</th>\n",
       "      <th>Type 1</th>\n",
       "      <th>Type 2</th>\n",
       "      <th>Total</th>\n",
       "      <th>HP</th>\n",
       "      <th>Attack</th>\n",
       "      <th>Defense</th>\n",
       "      <th>Sp. Atk</th>\n",
       "      <th>Sp. Def</th>\n",
       "      <th>Speed</th>\n",
       "      <th>Generation</th>\n",
       "      <th>Legendary</th>\n",
       "    </tr>\n",
       "  </thead>\n",
       "  <tbody>\n",
       "    <tr>\n",
       "      <th>0</th>\n",
       "      <td>147</td>\n",
       "      <td>Dratini</td>\n",
       "      <td>Dragon</td>\n",
       "      <td>NaN</td>\n",
       "      <td>300</td>\n",
       "      <td>41</td>\n",
       "      <td>64</td>\n",
       "      <td>45</td>\n",
       "      <td>50</td>\n",
       "      <td>50</td>\n",
       "      <td>50</td>\n",
       "      <td>1</td>\n",
       "      <td>False</td>\n",
       "    </tr>\n",
       "    <tr>\n",
       "      <th>1</th>\n",
       "      <td>148</td>\n",
       "      <td>Dragonair</td>\n",
       "      <td>Dragon</td>\n",
       "      <td>NaN</td>\n",
       "      <td>420</td>\n",
       "      <td>61</td>\n",
       "      <td>84</td>\n",
       "      <td>65</td>\n",
       "      <td>70</td>\n",
       "      <td>70</td>\n",
       "      <td>70</td>\n",
       "      <td>1</td>\n",
       "      <td>False</td>\n",
       "    </tr>\n",
       "    <tr>\n",
       "      <th>2</th>\n",
       "      <td>149</td>\n",
       "      <td>Dragonite</td>\n",
       "      <td>Dragon</td>\n",
       "      <td>Flying</td>\n",
       "      <td>600</td>\n",
       "      <td>91</td>\n",
       "      <td>134</td>\n",
       "      <td>95</td>\n",
       "      <td>100</td>\n",
       "      <td>100</td>\n",
       "      <td>80</td>\n",
       "      <td>1</td>\n",
       "      <td>False</td>\n",
       "    </tr>\n",
       "    <tr>\n",
       "      <th>3</th>\n",
       "      <td>334</td>\n",
       "      <td>Altaria</td>\n",
       "      <td>Dragon</td>\n",
       "      <td>Flying</td>\n",
       "      <td>490</td>\n",
       "      <td>75</td>\n",
       "      <td>70</td>\n",
       "      <td>90</td>\n",
       "      <td>70</td>\n",
       "      <td>105</td>\n",
       "      <td>80</td>\n",
       "      <td>3</td>\n",
       "      <td>False</td>\n",
       "    </tr>\n",
       "    <tr>\n",
       "      <th>4</th>\n",
       "      <td>334</td>\n",
       "      <td>AltariaMega Altaria</td>\n",
       "      <td>Dragon</td>\n",
       "      <td>Fairy</td>\n",
       "      <td>590</td>\n",
       "      <td>75</td>\n",
       "      <td>110</td>\n",
       "      <td>110</td>\n",
       "      <td>110</td>\n",
       "      <td>105</td>\n",
       "      <td>80</td>\n",
       "      <td>3</td>\n",
       "      <td>False</td>\n",
       "    </tr>\n",
       "    <tr>\n",
       "      <th>5</th>\n",
       "      <td>371</td>\n",
       "      <td>Bagon</td>\n",
       "      <td>Dragon</td>\n",
       "      <td>NaN</td>\n",
       "      <td>300</td>\n",
       "      <td>45</td>\n",
       "      <td>75</td>\n",
       "      <td>60</td>\n",
       "      <td>40</td>\n",
       "      <td>30</td>\n",
       "      <td>50</td>\n",
       "      <td>3</td>\n",
       "      <td>False</td>\n",
       "    </tr>\n",
       "    <tr>\n",
       "      <th>6</th>\n",
       "      <td>372</td>\n",
       "      <td>Shelgon</td>\n",
       "      <td>Dragon</td>\n",
       "      <td>NaN</td>\n",
       "      <td>420</td>\n",
       "      <td>65</td>\n",
       "      <td>95</td>\n",
       "      <td>100</td>\n",
       "      <td>60</td>\n",
       "      <td>50</td>\n",
       "      <td>50</td>\n",
       "      <td>3</td>\n",
       "      <td>False</td>\n",
       "    </tr>\n",
       "    <tr>\n",
       "      <th>7</th>\n",
       "      <td>373</td>\n",
       "      <td>Salamence</td>\n",
       "      <td>Dragon</td>\n",
       "      <td>Flying</td>\n",
       "      <td>600</td>\n",
       "      <td>95</td>\n",
       "      <td>135</td>\n",
       "      <td>80</td>\n",
       "      <td>110</td>\n",
       "      <td>80</td>\n",
       "      <td>100</td>\n",
       "      <td>3</td>\n",
       "      <td>False</td>\n",
       "    </tr>\n",
       "    <tr>\n",
       "      <th>8</th>\n",
       "      <td>373</td>\n",
       "      <td>SalamenceMega Salamence</td>\n",
       "      <td>Dragon</td>\n",
       "      <td>Flying</td>\n",
       "      <td>700</td>\n",
       "      <td>95</td>\n",
       "      <td>145</td>\n",
       "      <td>130</td>\n",
       "      <td>120</td>\n",
       "      <td>90</td>\n",
       "      <td>120</td>\n",
       "      <td>3</td>\n",
       "      <td>False</td>\n",
       "    </tr>\n",
       "    <tr>\n",
       "      <th>9</th>\n",
       "      <td>380</td>\n",
       "      <td>Latias</td>\n",
       "      <td>Dragon</td>\n",
       "      <td>Psychic</td>\n",
       "      <td>600</td>\n",
       "      <td>80</td>\n",
       "      <td>80</td>\n",
       "      <td>90</td>\n",
       "      <td>110</td>\n",
       "      <td>130</td>\n",
       "      <td>110</td>\n",
       "      <td>3</td>\n",
       "      <td>True</td>\n",
       "    </tr>\n",
       "    <tr>\n",
       "      <th>10</th>\n",
       "      <td>380</td>\n",
       "      <td>LatiasMega Latias</td>\n",
       "      <td>Dragon</td>\n",
       "      <td>Psychic</td>\n",
       "      <td>700</td>\n",
       "      <td>80</td>\n",
       "      <td>100</td>\n",
       "      <td>120</td>\n",
       "      <td>140</td>\n",
       "      <td>150</td>\n",
       "      <td>110</td>\n",
       "      <td>3</td>\n",
       "      <td>True</td>\n",
       "    </tr>\n",
       "    <tr>\n",
       "      <th>11</th>\n",
       "      <td>381</td>\n",
       "      <td>Latios</td>\n",
       "      <td>Dragon</td>\n",
       "      <td>Psychic</td>\n",
       "      <td>600</td>\n",
       "      <td>80</td>\n",
       "      <td>90</td>\n",
       "      <td>80</td>\n",
       "      <td>130</td>\n",
       "      <td>110</td>\n",
       "      <td>110</td>\n",
       "      <td>3</td>\n",
       "      <td>True</td>\n",
       "    </tr>\n",
       "    <tr>\n",
       "      <th>12</th>\n",
       "      <td>381</td>\n",
       "      <td>LatiosMega Latios</td>\n",
       "      <td>Dragon</td>\n",
       "      <td>Psychic</td>\n",
       "      <td>700</td>\n",
       "      <td>80</td>\n",
       "      <td>130</td>\n",
       "      <td>100</td>\n",
       "      <td>160</td>\n",
       "      <td>120</td>\n",
       "      <td>110</td>\n",
       "      <td>3</td>\n",
       "      <td>True</td>\n",
       "    </tr>\n",
       "    <tr>\n",
       "      <th>13</th>\n",
       "      <td>384</td>\n",
       "      <td>Rayquaza</td>\n",
       "      <td>Dragon</td>\n",
       "      <td>Flying</td>\n",
       "      <td>680</td>\n",
       "      <td>105</td>\n",
       "      <td>150</td>\n",
       "      <td>90</td>\n",
       "      <td>150</td>\n",
       "      <td>90</td>\n",
       "      <td>95</td>\n",
       "      <td>3</td>\n",
       "      <td>True</td>\n",
       "    </tr>\n",
       "    <tr>\n",
       "      <th>14</th>\n",
       "      <td>384</td>\n",
       "      <td>RayquazaMega Rayquaza</td>\n",
       "      <td>Dragon</td>\n",
       "      <td>Flying</td>\n",
       "      <td>780</td>\n",
       "      <td>105</td>\n",
       "      <td>180</td>\n",
       "      <td>100</td>\n",
       "      <td>180</td>\n",
       "      <td>100</td>\n",
       "      <td>115</td>\n",
       "      <td>3</td>\n",
       "      <td>True</td>\n",
       "    </tr>\n",
       "    <tr>\n",
       "      <th>15</th>\n",
       "      <td>443</td>\n",
